% 第一列和第二列为对应节点，第三列为阻值，第四列为电抗
% 第五列为电导，第六列为电纳 第七列为变压器变比（分正负）

line = ...
  [1 4 0 0.016666666666666666 0 0 1;
   4 5 0.001 0.01 0 0.00875 0;
   5 6 0.011 0.11 0 0.09625 0;
   5 6 0.011 0.11 0 0.09625 0;
   6 7 0.011 0.11 0 0.09625 0;
   6 7 0.011 0.11 0 0.09625 0;
   7 8 0.001 0.01 0 0.00875 0;
   3 8 0 0.016666666666666666 0 0 1;
   8 9 0.0025 0.025 0 0.021875 0;
   2 9 0 0.016666666666666666 0 0 1;
   5 0 0 0 0 2.1 0;
   7 0 0 0 0 3.6 0];