% -------------------------------------------------------------------
%  Generated by MATLAB on 12-May-2017 18:32:07
%  MATLAB version: 8.3.0.532 (R2014a)
% -------------------------------------------------------------------
% 第一列和第二列为对应节点，第三列为阻值，第四列为电抗
% 第五列为电导，第六列为电纳 第七列为变压器变比（分正负）

line = ...
  [1 5 0 0.016666666666666666 0 0 1;
   5 6 0.0025 0.025 0 0.021875 0;
   2 6 0 0.016666666666666666 0 0 1;
   6 7 0.001 0.01 0 0.00875 0;
   7 8 0.011 0.11 0 0.09625 0;
   7 8 0.011 0.11 0 0.09625 0;
   8 9 0.011 0.11 0 0.09625 0;
   8 9 0.011 0.11 0 0.09625 0;
   9 10 0.001 0.01 0 0.00875 0;
   4 10 0 0.016666666666666666 0 0 1;
   10 11 0.0025 0.025 0 0.021875 0;
   3 11 0 0.016666666666666666 0 0 1;
   7 0 0 0 0 2.1 0;
   9 0 0 0 0 3.6 0];

