% 第一列为节点编号，第二列为节点电压绝对值，第三列为相角
% 第四列为有功功率P，第五列为无功功率Q，第六列为判断表示
% 1为PQ节点，2为PV节点，3为PH节点

node = ...
  [1 1.01 0 7 0 2;
   2 1.03 0 0 0 3;
   3 1.01 0 7 0 2;
   4 1 0 0 0 1;
   5 1 0 -9.67 -1 1;
   6 1 0 0 0 1;
   7 1 0 -17.67 -1 1;
   8 1 0 0 0 1;
   9 1 0 0 0 1];