% -------------------------------------------------------------------
%  Generated by MATLAB on 14-May-2017 11:20:30
%  MATLAB version: 8.3.0.532 (R2014a)
% -------------------------------------------------------------------
                               

node = ...
  [1 1.03 0 7 0 2;
   2 1.01 0 7 0 2;
   3 1.03 0 0 0 3;
   4 1.01 0 7 0 2;
   5 1 0 0 0 1;
   6 1 0 0 0 1;
   7 1 0 -9.67 -1 1;
   8 1 0 0 0 1;
   9 1 0 -17.67 -1 1;
   10 1 0 0 0 1;
   11 1 0 0 0 1];

